{
 "cells": [
  {
   "cell_type": "code",
   "execution_count": 1,
   "metadata": {},
   "outputs": [],
   "source": [
    "import os\n",
    "import sys\n",
    "import gensim\n",
    "import numpy as np\n",
    "import pandas as pd\n",
    "from matplotlib import pyplot as plt\n",
    "\n",
    "ROOT = os.path.dirname(os.getcwd())\n",
    "#path_data = os.path.join(ROOT, 'data')\n",
    "path_data = 'C:\\\\Users\\\\joris\\\\Documents\\\\eScience_data\\\\data'\n",
    "sys.path.insert(0, ROOT)\n",
    "sys.path.insert(0, \"C:\\\\Users\\\\joris\\\\Documents\\\\eScience_data\\\\spec2vec_gnps_data_analysis\\\\custom_functions\")"
   ]
  },
  {
   "cell_type": "markdown",
   "metadata": {},
   "source": [
    "### Import pre-processed dataset \"AllPositive\""
   ]
  },
  {
   "cell_type": "code",
   "execution_count": 2,
   "metadata": {},
   "outputs": [
    {
     "name": "stdout",
     "output_type": "stream",
     "text": [
      "C:\\Users\\joris\\Documents\\eScience_data\\data\\gnps_positive_ionmode_cleaned_by_matchms_and_lookups.pickle\n",
      "loading took 11.15 s\n"
     ]
    }
   ],
   "source": [
    "import time\n",
    "import pickle\n",
    "\n",
    "#loading data as pickled object goes a lot quicker\n",
    "outfile = os.path.join(path_data, 'gnps_positive_ionmode_cleaned_by_matchms_and_lookups.pickle')\n",
    "\n",
    "print(outfile)\n",
    "start = time.time()\n",
    "with open(outfile, 'rb') as inf:\n",
    "        spectrums = pickle.load(inf)\n",
    "end = time.time()\n",
    "print('loading took {:.2f} s'.format(end-start))"
   ]
  },
  {
   "cell_type": "markdown",
   "metadata": {},
   "source": [
    "### Import spec2vec matches of 1,000 spectra where their inchikeys occur >=5 times in the library"
   ]
  },
  {
   "cell_type": "code",
   "execution_count": 3,
   "metadata": {},
   "outputs": [
    {
     "name": "stdout",
     "output_type": "stream",
     "text": [
      "C:\\Users\\joris\\Documents\\eScience_data\\data\\found_matches_s2v.pickle\n",
      "C:\\Users\\joris\\Documents\\eScience_data\\data\\documents_query_s2v.pickle\n",
      "C:\\Users\\joris\\Documents\\eScience_data\\data\\documents_library_s2v.pickle\n"
     ]
    }
   ],
   "source": [
    "import pickle\n",
    "outfile = os.path.join(path_data, 'found_matches_s2v.pickle')\n",
    "print(outfile)\n",
    "if os.path.exists(outfile):\n",
    "    with open(outfile, 'rb') as inf:\n",
    "        found_matches_s2v = pickle.load(inf)\n",
    "else:\n",
    "    print('error')\n",
    "    \n",
    "#contains info on the query/library\n",
    "outfile = os.path.join(path_data, 'documents_query_s2v.pickle')\n",
    "print(outfile)\n",
    "if os.path.exists(outfile):\n",
    "    with open(outfile, 'rb') as inf:\n",
    "        documents_query_s2v = pickle.load(inf)\n",
    "\n",
    "outfile = os.path.join(path_data, 'documents_library_s2v.pickle')\n",
    "print(outfile)\n",
    "if os.path.exists(outfile):\n",
    "    with open(outfile, 'rb') as inf:\n",
    "        documents_library_s2v = pickle.load(inf)"
   ]
  },
  {
   "cell_type": "markdown",
   "metadata": {},
   "source": [
    "### Calculate pairwise tanimoto similarity between top 20 results for each query"
   ]
  },
  {
   "cell_type": "code",
   "execution_count": 77,
   "metadata": {},
   "outputs": [
    {
     "name": "stdout",
     "output_type": "stream",
     "text": [
      "C:\\Users\\joris\\Documents\\eScience_data\\data\\similarity_matrices_test_set1.pickle\n"
     ]
    }
   ],
   "source": [
    "import pickle\n",
    "from rdkit import Chem, DataStructs\n",
    "\n",
    "outfile = os.path.join(path_data, 'similarity_matrices_test_set1.pickle')\n",
    "print(outfile)\n",
    "if os.path.exists(outfile):\n",
    "    with open(outfile, 'rb') as inf:\n",
    "        similarity_matrices = pickle.load(inf)\n",
    "else:\n",
    "    #for each matches df make a similarity matrix based on tanimoto\n",
    "    similarity_matrices = []\n",
    "    topn = 20\n",
    "\n",
    "    for ID in range(len(found_matches_s2v)):\n",
    "        df = found_matches_s2v[ID].sort_values(by=['s2v_score'], ascending = False).iloc[:topn]\n",
    "        library_ids = df.index.values\n",
    "        rows = []\n",
    "        for lib_id_i in library_ids:\n",
    "            smiles_i = documents_library_s2v[lib_id_i]._obj.get(\"smiles\")\n",
    "\n",
    "            if not smiles_i or smiles_i == \"None\": # check that lib_id_i smiles exist\n",
    "                rows.append([0] * len(library_ids)) #default to all 0 if it doesnt exist\n",
    "                continue\n",
    "            ms_i = Chem.MolFromSmiles(smiles_i)\n",
    "            if not ms_i: #in case something is wrong with smiles\n",
    "                rows.append([0] * len(library_ids)) #default to all 0 if it doesnt exist\n",
    "                continue\n",
    "            fp_i = Chem.RDKFingerprint(ms_i)\n",
    "\n",
    "            row = []\n",
    "            for lib_id_j in library_ids:\n",
    "                smiles_j = documents_library_s2v[lib_id_j]._obj.get(\"smiles\")\n",
    "\n",
    "                if smiles_j and smiles_j != \"None\":\n",
    "                    ms_j = Chem.MolFromSmiles(smiles_j)\n",
    "                    if ms_j:\n",
    "                        fp_j = Chem.RDKFingerprint(ms_j)\n",
    "                        score = DataStructs.FingerprintSimilarity(fp_i, fp_j)\n",
    "                    else: #in case something is wrong with smiles\n",
    "                        score = 0\n",
    "                else: #in case it doesnt have smiles\n",
    "                    score = 0\n",
    "                row.append(score)\n",
    "\n",
    "            rows.append(row)\n",
    "        similarity_matrices.append(pd.DataFrame(rows))\n",
    "    #write to file    \n",
    "    with open(outfile, 'wb') as outf:\n",
    "        pickle.dump(similarity_matrices, outf)"
   ]
  },
  {
   "cell_type": "code",
   "execution_count": 97,
   "metadata": {},
   "outputs": [
    {
     "name": "stdout",
     "output_type": "stream",
     "text": [
      "C:\\Users\\joris\\Documents\\eScience_data\\data\\similarity_matrices_corrected_test_set1.pickle\n"
     ]
    }
   ],
   "source": [
    "#corrected version where true matches get a slightly higher value in the diagonal\n",
    "import pickle\n",
    "cor_val = 1.001\n",
    "outfile = os.path.join(path_data, 'similarity_matrices_corrected_test_set1.pickle')\n",
    "print(outfile)\n",
    "if os.path.exists(outfile):\n",
    "    with open(outfile, 'rb') as inf:\n",
    "        similarity_matrices_cor = pickle.load(inf)\n",
    "else:\n",
    "    #for each matches df make a similarity matrix based on tanimoto\n",
    "    similarity_matrices_cor = []\n",
    "    topn = 20\n",
    "\n",
    "    for ID in range(len(found_matches_s2v)):\n",
    "        df = found_matches_s2v[ID].sort_values(by=['s2v_score'], ascending = False).iloc[:topn]\n",
    "        library_ids = df.index.values\n",
    "        rows = []\n",
    "        for lib_id_i in library_ids:\n",
    "            smiles_i = documents_library_s2v[lib_id_i]._obj.get(\"smiles\")\n",
    "\n",
    "            if not smiles_i or smiles_i == \"None\": # check that lib_id_i smiles exist\n",
    "                rows.append([0] * len(library_ids)) #default to all 0 if it doesnt exist\n",
    "                continue\n",
    "            ms_i = Chem.MolFromSmiles(smiles_i)\n",
    "            if not ms_i: #in case something is wrong with smiles\n",
    "                rows.append([0] * len(library_ids)) #default to all 0 if it doesnt exist\n",
    "                continue\n",
    "            fp_i = Chem.RDKFingerprint(ms_i)\n",
    "\n",
    "            row = []\n",
    "            for lib_id_j in library_ids:\n",
    "                if lib_id_i == lib_id_j: #if diagonal see if its a true match and give it a slightly higher value for plotting\n",
    "                    df_select = found_matches_s2v_match_perc_pmass_sim[ID].sort_values(by=['s2v_score'], ascending = False).iloc[:topn]\n",
    "                    if df_select.loc[lib_id_j]['label'] == 1:\n",
    "                        score = cor_val\n",
    "                    else:\n",
    "                        score = 1\n",
    "                    \n",
    "                else:\n",
    "                    smiles_j = documents_library_s2v[lib_id_j]._obj.get(\"smiles\")\n",
    "\n",
    "                    if smiles_j and smiles_j != \"None\":\n",
    "                        ms_j = Chem.MolFromSmiles(smiles_j)\n",
    "                        if ms_j:\n",
    "                            fp_j = Chem.RDKFingerprint(ms_j)\n",
    "                            score = DataStructs.FingerprintSimilarity(fp_i, fp_j)\n",
    "                        else: #in case something is wrong with smiles\n",
    "                            score = 0\n",
    "                    else: #in case it doesnt have smiles\n",
    "                        score = 0\n",
    "                row.append(score)\n",
    "\n",
    "            rows.append(row)\n",
    "        similarity_matrices_cor.append(pd.DataFrame(rows))\n",
    "    #write to file\n",
    "    with open(outfile, 'wb') as outf:\n",
    "        pickle.dump(similarity_matrices_cor, outf)"
   ]
  },
  {
   "cell_type": "code",
   "execution_count": 96,
   "metadata": {},
   "outputs": [
    {
     "data": {
      "text/plain": [
       "0.0"
      ]
     },
     "execution_count": 96,
     "metadata": {},
     "output_type": "execute_result"
    }
   ],
   "source": [
    "df_select = found_matches_s2v_match_perc_pmass_sim[999].sort_values(by=['s2v_score'], ascending = False).iloc[:20]\n",
    "true_positives = [i for i, lab in enumerate(df_select['label']) if lab == 1]\n",
    "df_select.loc[lib_id_j]['label']"
   ]
  },
  {
   "cell_type": "code",
   "execution_count": 164,
   "metadata": {},
   "outputs": [
    {
     "data": {
      "text/html": [
       "<div>\n",
       "<style scoped>\n",
       "    .dataframe tbody tr th:only-of-type {\n",
       "        vertical-align: middle;\n",
       "    }\n",
       "\n",
       "    .dataframe tbody tr th {\n",
       "        vertical-align: top;\n",
       "    }\n",
       "\n",
       "    .dataframe thead th {\n",
       "        text-align: right;\n",
       "    }\n",
       "</style>\n",
       "<table border=\"1\" class=\"dataframe\">\n",
       "  <thead>\n",
       "    <tr style=\"text-align: right;\">\n",
       "      <th></th>\n",
       "      <th>0</th>\n",
       "      <th>1</th>\n",
       "      <th>2</th>\n",
       "      <th>3</th>\n",
       "      <th>4</th>\n",
       "      <th>5</th>\n",
       "      <th>6</th>\n",
       "      <th>7</th>\n",
       "      <th>8</th>\n",
       "      <th>9</th>\n",
       "      <th>10</th>\n",
       "      <th>11</th>\n",
       "      <th>12</th>\n",
       "      <th>13</th>\n",
       "      <th>14</th>\n",
       "      <th>15</th>\n",
       "      <th>16</th>\n",
       "      <th>17</th>\n",
       "      <th>18</th>\n",
       "      <th>19</th>\n",
       "    </tr>\n",
       "  </thead>\n",
       "  <tbody>\n",
       "    <tr>\n",
       "      <th>0</th>\n",
       "      <td>1.000000</td>\n",
       "      <td>0.949309</td>\n",
       "      <td>0.919487</td>\n",
       "      <td>0.919487</td>\n",
       "      <td>1.000000</td>\n",
       "      <td>1.000000</td>\n",
       "      <td>0.949309</td>\n",
       "      <td>0.493216</td>\n",
       "      <td>0.493216</td>\n",
       "      <td>0.493651</td>\n",
       "      <td>0.493216</td>\n",
       "      <td>0.207053</td>\n",
       "      <td>0.366868</td>\n",
       "      <td>0.494024</td>\n",
       "      <td>0.493216</td>\n",
       "      <td>0.287611</td>\n",
       "      <td>0.494043</td>\n",
       "      <td>0.494024</td>\n",
       "      <td>0.287611</td>\n",
       "      <td>0.494024</td>\n",
       "    </tr>\n",
       "    <tr>\n",
       "      <th>1</th>\n",
       "      <td>0.949309</td>\n",
       "      <td>1.000000</td>\n",
       "      <td>0.943713</td>\n",
       "      <td>0.943713</td>\n",
       "      <td>0.949309</td>\n",
       "      <td>0.949309</td>\n",
       "      <td>1.000000</td>\n",
       "      <td>0.482759</td>\n",
       "      <td>0.482759</td>\n",
       "      <td>0.483254</td>\n",
       "      <td>0.482759</td>\n",
       "      <td>0.210956</td>\n",
       "      <td>0.359407</td>\n",
       "      <td>0.483587</td>\n",
       "      <td>0.482759</td>\n",
       "      <td>0.268889</td>\n",
       "      <td>0.483639</td>\n",
       "      <td>0.483587</td>\n",
       "      <td>0.268889</td>\n",
       "      <td>0.483587</td>\n",
       "    </tr>\n",
       "    <tr>\n",
       "      <th>2</th>\n",
       "      <td>0.919487</td>\n",
       "      <td>0.943713</td>\n",
       "      <td>1.001000</td>\n",
       "      <td>1.000000</td>\n",
       "      <td>0.919487</td>\n",
       "      <td>0.919487</td>\n",
       "      <td>0.943713</td>\n",
       "      <td>0.446228</td>\n",
       "      <td>0.446228</td>\n",
       "      <td>0.446927</td>\n",
       "      <td>0.446228</td>\n",
       "      <td>0.223181</td>\n",
       "      <td>0.349554</td>\n",
       "      <td>0.447115</td>\n",
       "      <td>0.446228</td>\n",
       "      <td>0.280702</td>\n",
       "      <td>0.447284</td>\n",
       "      <td>0.447115</td>\n",
       "      <td>0.280702</td>\n",
       "      <td>0.447115</td>\n",
       "    </tr>\n",
       "    <tr>\n",
       "      <th>3</th>\n",
       "      <td>0.919487</td>\n",
       "      <td>0.943713</td>\n",
       "      <td>1.000000</td>\n",
       "      <td>1.001000</td>\n",
       "      <td>0.919487</td>\n",
       "      <td>0.919487</td>\n",
       "      <td>0.943713</td>\n",
       "      <td>0.446228</td>\n",
       "      <td>0.446228</td>\n",
       "      <td>0.446927</td>\n",
       "      <td>0.446228</td>\n",
       "      <td>0.223181</td>\n",
       "      <td>0.349554</td>\n",
       "      <td>0.447115</td>\n",
       "      <td>0.446228</td>\n",
       "      <td>0.280702</td>\n",
       "      <td>0.447284</td>\n",
       "      <td>0.447115</td>\n",
       "      <td>0.280702</td>\n",
       "      <td>0.447115</td>\n",
       "    </tr>\n",
       "    <tr>\n",
       "      <th>4</th>\n",
       "      <td>1.000000</td>\n",
       "      <td>0.949309</td>\n",
       "      <td>0.919487</td>\n",
       "      <td>0.919487</td>\n",
       "      <td>1.000000</td>\n",
       "      <td>1.000000</td>\n",
       "      <td>0.949309</td>\n",
       "      <td>0.493216</td>\n",
       "      <td>0.493216</td>\n",
       "      <td>0.493651</td>\n",
       "      <td>0.493216</td>\n",
       "      <td>0.207053</td>\n",
       "      <td>0.366868</td>\n",
       "      <td>0.494024</td>\n",
       "      <td>0.493216</td>\n",
       "      <td>0.287611</td>\n",
       "      <td>0.494043</td>\n",
       "      <td>0.494024</td>\n",
       "      <td>0.287611</td>\n",
       "      <td>0.494024</td>\n",
       "    </tr>\n",
       "    <tr>\n",
       "      <th>5</th>\n",
       "      <td>1.000000</td>\n",
       "      <td>0.949309</td>\n",
       "      <td>0.919487</td>\n",
       "      <td>0.919487</td>\n",
       "      <td>1.000000</td>\n",
       "      <td>1.000000</td>\n",
       "      <td>0.949309</td>\n",
       "      <td>0.493216</td>\n",
       "      <td>0.493216</td>\n",
       "      <td>0.493651</td>\n",
       "      <td>0.493216</td>\n",
       "      <td>0.207053</td>\n",
       "      <td>0.366868</td>\n",
       "      <td>0.494024</td>\n",
       "      <td>0.493216</td>\n",
       "      <td>0.287611</td>\n",
       "      <td>0.494043</td>\n",
       "      <td>0.494024</td>\n",
       "      <td>0.287611</td>\n",
       "      <td>0.494024</td>\n",
       "    </tr>\n",
       "    <tr>\n",
       "      <th>6</th>\n",
       "      <td>0.949309</td>\n",
       "      <td>1.000000</td>\n",
       "      <td>0.943713</td>\n",
       "      <td>0.943713</td>\n",
       "      <td>0.949309</td>\n",
       "      <td>0.949309</td>\n",
       "      <td>1.000000</td>\n",
       "      <td>0.482759</td>\n",
       "      <td>0.482759</td>\n",
       "      <td>0.483254</td>\n",
       "      <td>0.482759</td>\n",
       "      <td>0.210956</td>\n",
       "      <td>0.359407</td>\n",
       "      <td>0.483587</td>\n",
       "      <td>0.482759</td>\n",
       "      <td>0.268889</td>\n",
       "      <td>0.483639</td>\n",
       "      <td>0.483587</td>\n",
       "      <td>0.268889</td>\n",
       "      <td>0.483587</td>\n",
       "    </tr>\n",
       "    <tr>\n",
       "      <th>7</th>\n",
       "      <td>0.493216</td>\n",
       "      <td>0.482759</td>\n",
       "      <td>0.446228</td>\n",
       "      <td>0.446228</td>\n",
       "      <td>0.493216</td>\n",
       "      <td>0.493216</td>\n",
       "      <td>0.482759</td>\n",
       "      <td>1.000000</td>\n",
       "      <td>1.000000</td>\n",
       "      <td>0.989268</td>\n",
       "      <td>1.000000</td>\n",
       "      <td>0.201183</td>\n",
       "      <td>0.402556</td>\n",
       "      <td>0.996071</td>\n",
       "      <td>1.000000</td>\n",
       "      <td>0.300197</td>\n",
       "      <td>0.988293</td>\n",
       "      <td>0.996071</td>\n",
       "      <td>0.300197</td>\n",
       "      <td>0.996071</td>\n",
       "    </tr>\n",
       "    <tr>\n",
       "      <th>8</th>\n",
       "      <td>0.493216</td>\n",
       "      <td>0.482759</td>\n",
       "      <td>0.446228</td>\n",
       "      <td>0.446228</td>\n",
       "      <td>0.493216</td>\n",
       "      <td>0.493216</td>\n",
       "      <td>0.482759</td>\n",
       "      <td>1.000000</td>\n",
       "      <td>1.000000</td>\n",
       "      <td>0.989268</td>\n",
       "      <td>1.000000</td>\n",
       "      <td>0.201183</td>\n",
       "      <td>0.402556</td>\n",
       "      <td>0.996071</td>\n",
       "      <td>1.000000</td>\n",
       "      <td>0.300197</td>\n",
       "      <td>0.988293</td>\n",
       "      <td>0.996071</td>\n",
       "      <td>0.300197</td>\n",
       "      <td>0.996071</td>\n",
       "    </tr>\n",
       "    <tr>\n",
       "      <th>9</th>\n",
       "      <td>0.493651</td>\n",
       "      <td>0.483254</td>\n",
       "      <td>0.446927</td>\n",
       "      <td>0.446927</td>\n",
       "      <td>0.493651</td>\n",
       "      <td>0.493651</td>\n",
       "      <td>0.483254</td>\n",
       "      <td>0.989268</td>\n",
       "      <td>0.989268</td>\n",
       "      <td>1.000000</td>\n",
       "      <td>0.989268</td>\n",
       "      <td>0.199024</td>\n",
       "      <td>0.402416</td>\n",
       "      <td>0.993171</td>\n",
       "      <td>0.989268</td>\n",
       "      <td>0.299512</td>\n",
       "      <td>0.999024</td>\n",
       "      <td>0.993171</td>\n",
       "      <td>0.299512</td>\n",
       "      <td>0.993171</td>\n",
       "    </tr>\n",
       "    <tr>\n",
       "      <th>10</th>\n",
       "      <td>0.493216</td>\n",
       "      <td>0.482759</td>\n",
       "      <td>0.446228</td>\n",
       "      <td>0.446228</td>\n",
       "      <td>0.493216</td>\n",
       "      <td>0.493216</td>\n",
       "      <td>0.482759</td>\n",
       "      <td>1.000000</td>\n",
       "      <td>1.000000</td>\n",
       "      <td>0.989268</td>\n",
       "      <td>1.000000</td>\n",
       "      <td>0.201183</td>\n",
       "      <td>0.402556</td>\n",
       "      <td>0.996071</td>\n",
       "      <td>1.000000</td>\n",
       "      <td>0.300197</td>\n",
       "      <td>0.988293</td>\n",
       "      <td>0.996071</td>\n",
       "      <td>0.300197</td>\n",
       "      <td>0.996071</td>\n",
       "    </tr>\n",
       "    <tr>\n",
       "      <th>11</th>\n",
       "      <td>0.207053</td>\n",
       "      <td>0.210956</td>\n",
       "      <td>0.223181</td>\n",
       "      <td>0.223181</td>\n",
       "      <td>0.207053</td>\n",
       "      <td>0.207053</td>\n",
       "      <td>0.210956</td>\n",
       "      <td>0.201183</td>\n",
       "      <td>0.201183</td>\n",
       "      <td>0.199024</td>\n",
       "      <td>0.201183</td>\n",
       "      <td>1.000000</td>\n",
       "      <td>0.155129</td>\n",
       "      <td>0.200393</td>\n",
       "      <td>0.201183</td>\n",
       "      <td>0.664495</td>\n",
       "      <td>0.199219</td>\n",
       "      <td>0.200393</td>\n",
       "      <td>0.664495</td>\n",
       "      <td>0.200393</td>\n",
       "    </tr>\n",
       "    <tr>\n",
       "      <th>12</th>\n",
       "      <td>0.366868</td>\n",
       "      <td>0.359407</td>\n",
       "      <td>0.349554</td>\n",
       "      <td>0.349554</td>\n",
       "      <td>0.366868</td>\n",
       "      <td>0.366868</td>\n",
       "      <td>0.359407</td>\n",
       "      <td>0.402556</td>\n",
       "      <td>0.402556</td>\n",
       "      <td>0.402416</td>\n",
       "      <td>0.402556</td>\n",
       "      <td>0.155129</td>\n",
       "      <td>1.000000</td>\n",
       "      <td>0.401530</td>\n",
       "      <td>0.402556</td>\n",
       "      <td>0.194222</td>\n",
       "      <td>0.402672</td>\n",
       "      <td>0.401530</td>\n",
       "      <td>0.194222</td>\n",
       "      <td>0.401530</td>\n",
       "    </tr>\n",
       "    <tr>\n",
       "      <th>13</th>\n",
       "      <td>0.494024</td>\n",
       "      <td>0.483587</td>\n",
       "      <td>0.447115</td>\n",
       "      <td>0.447115</td>\n",
       "      <td>0.494024</td>\n",
       "      <td>0.494024</td>\n",
       "      <td>0.483587</td>\n",
       "      <td>0.996071</td>\n",
       "      <td>0.996071</td>\n",
       "      <td>0.993171</td>\n",
       "      <td>0.996071</td>\n",
       "      <td>0.200393</td>\n",
       "      <td>0.401530</td>\n",
       "      <td>1.000000</td>\n",
       "      <td>0.996071</td>\n",
       "      <td>0.301572</td>\n",
       "      <td>0.992195</td>\n",
       "      <td>1.000000</td>\n",
       "      <td>0.301572</td>\n",
       "      <td>1.000000</td>\n",
       "    </tr>\n",
       "    <tr>\n",
       "      <th>14</th>\n",
       "      <td>0.493216</td>\n",
       "      <td>0.482759</td>\n",
       "      <td>0.446228</td>\n",
       "      <td>0.446228</td>\n",
       "      <td>0.493216</td>\n",
       "      <td>0.493216</td>\n",
       "      <td>0.482759</td>\n",
       "      <td>1.000000</td>\n",
       "      <td>1.000000</td>\n",
       "      <td>0.989268</td>\n",
       "      <td>1.000000</td>\n",
       "      <td>0.201183</td>\n",
       "      <td>0.402556</td>\n",
       "      <td>0.996071</td>\n",
       "      <td>1.000000</td>\n",
       "      <td>0.300197</td>\n",
       "      <td>0.988293</td>\n",
       "      <td>0.996071</td>\n",
       "      <td>0.300197</td>\n",
       "      <td>0.996071</td>\n",
       "    </tr>\n",
       "    <tr>\n",
       "      <th>15</th>\n",
       "      <td>0.287611</td>\n",
       "      <td>0.268889</td>\n",
       "      <td>0.280702</td>\n",
       "      <td>0.280702</td>\n",
       "      <td>0.287611</td>\n",
       "      <td>0.287611</td>\n",
       "      <td>0.268889</td>\n",
       "      <td>0.300197</td>\n",
       "      <td>0.300197</td>\n",
       "      <td>0.299512</td>\n",
       "      <td>0.300197</td>\n",
       "      <td>0.664495</td>\n",
       "      <td>0.194222</td>\n",
       "      <td>0.301572</td>\n",
       "      <td>0.300197</td>\n",
       "      <td>1.000000</td>\n",
       "      <td>0.299805</td>\n",
       "      <td>0.301572</td>\n",
       "      <td>1.000000</td>\n",
       "      <td>0.301572</td>\n",
       "    </tr>\n",
       "    <tr>\n",
       "      <th>16</th>\n",
       "      <td>0.494043</td>\n",
       "      <td>0.483639</td>\n",
       "      <td>0.447284</td>\n",
       "      <td>0.447284</td>\n",
       "      <td>0.494043</td>\n",
       "      <td>0.494043</td>\n",
       "      <td>0.483639</td>\n",
       "      <td>0.988293</td>\n",
       "      <td>0.988293</td>\n",
       "      <td>0.999024</td>\n",
       "      <td>0.988293</td>\n",
       "      <td>0.199219</td>\n",
       "      <td>0.402672</td>\n",
       "      <td>0.992195</td>\n",
       "      <td>0.988293</td>\n",
       "      <td>0.299805</td>\n",
       "      <td>1.000000</td>\n",
       "      <td>0.992195</td>\n",
       "      <td>0.299805</td>\n",
       "      <td>0.992195</td>\n",
       "    </tr>\n",
       "    <tr>\n",
       "      <th>17</th>\n",
       "      <td>0.494024</td>\n",
       "      <td>0.483587</td>\n",
       "      <td>0.447115</td>\n",
       "      <td>0.447115</td>\n",
       "      <td>0.494024</td>\n",
       "      <td>0.494024</td>\n",
       "      <td>0.483587</td>\n",
       "      <td>0.996071</td>\n",
       "      <td>0.996071</td>\n",
       "      <td>0.993171</td>\n",
       "      <td>0.996071</td>\n",
       "      <td>0.200393</td>\n",
       "      <td>0.401530</td>\n",
       "      <td>1.000000</td>\n",
       "      <td>0.996071</td>\n",
       "      <td>0.301572</td>\n",
       "      <td>0.992195</td>\n",
       "      <td>1.000000</td>\n",
       "      <td>0.301572</td>\n",
       "      <td>1.000000</td>\n",
       "    </tr>\n",
       "    <tr>\n",
       "      <th>18</th>\n",
       "      <td>0.287611</td>\n",
       "      <td>0.268889</td>\n",
       "      <td>0.280702</td>\n",
       "      <td>0.280702</td>\n",
       "      <td>0.287611</td>\n",
       "      <td>0.287611</td>\n",
       "      <td>0.268889</td>\n",
       "      <td>0.300197</td>\n",
       "      <td>0.300197</td>\n",
       "      <td>0.299512</td>\n",
       "      <td>0.300197</td>\n",
       "      <td>0.664495</td>\n",
       "      <td>0.194222</td>\n",
       "      <td>0.301572</td>\n",
       "      <td>0.300197</td>\n",
       "      <td>1.000000</td>\n",
       "      <td>0.299805</td>\n",
       "      <td>0.301572</td>\n",
       "      <td>1.000000</td>\n",
       "      <td>0.301572</td>\n",
       "    </tr>\n",
       "    <tr>\n",
       "      <th>19</th>\n",
       "      <td>0.494024</td>\n",
       "      <td>0.483587</td>\n",
       "      <td>0.447115</td>\n",
       "      <td>0.447115</td>\n",
       "      <td>0.494024</td>\n",
       "      <td>0.494024</td>\n",
       "      <td>0.483587</td>\n",
       "      <td>0.996071</td>\n",
       "      <td>0.996071</td>\n",
       "      <td>0.993171</td>\n",
       "      <td>0.996071</td>\n",
       "      <td>0.200393</td>\n",
       "      <td>0.401530</td>\n",
       "      <td>1.000000</td>\n",
       "      <td>0.996071</td>\n",
       "      <td>0.301572</td>\n",
       "      <td>0.992195</td>\n",
       "      <td>1.000000</td>\n",
       "      <td>0.301572</td>\n",
       "      <td>1.000000</td>\n",
       "    </tr>\n",
       "  </tbody>\n",
       "</table>\n",
       "</div>"
      ],
      "text/plain": [
       "           0         1         2         3         4         5         6  \\\n",
       "0   1.000000  0.949309  0.919487  0.919487  1.000000  1.000000  0.949309   \n",
       "1   0.949309  1.000000  0.943713  0.943713  0.949309  0.949309  1.000000   \n",
       "2   0.919487  0.943713  1.001000  1.000000  0.919487  0.919487  0.943713   \n",
       "3   0.919487  0.943713  1.000000  1.001000  0.919487  0.919487  0.943713   \n",
       "4   1.000000  0.949309  0.919487  0.919487  1.000000  1.000000  0.949309   \n",
       "5   1.000000  0.949309  0.919487  0.919487  1.000000  1.000000  0.949309   \n",
       "6   0.949309  1.000000  0.943713  0.943713  0.949309  0.949309  1.000000   \n",
       "7   0.493216  0.482759  0.446228  0.446228  0.493216  0.493216  0.482759   \n",
       "8   0.493216  0.482759  0.446228  0.446228  0.493216  0.493216  0.482759   \n",
       "9   0.493651  0.483254  0.446927  0.446927  0.493651  0.493651  0.483254   \n",
       "10  0.493216  0.482759  0.446228  0.446228  0.493216  0.493216  0.482759   \n",
       "11  0.207053  0.210956  0.223181  0.223181  0.207053  0.207053  0.210956   \n",
       "12  0.366868  0.359407  0.349554  0.349554  0.366868  0.366868  0.359407   \n",
       "13  0.494024  0.483587  0.447115  0.447115  0.494024  0.494024  0.483587   \n",
       "14  0.493216  0.482759  0.446228  0.446228  0.493216  0.493216  0.482759   \n",
       "15  0.287611  0.268889  0.280702  0.280702  0.287611  0.287611  0.268889   \n",
       "16  0.494043  0.483639  0.447284  0.447284  0.494043  0.494043  0.483639   \n",
       "17  0.494024  0.483587  0.447115  0.447115  0.494024  0.494024  0.483587   \n",
       "18  0.287611  0.268889  0.280702  0.280702  0.287611  0.287611  0.268889   \n",
       "19  0.494024  0.483587  0.447115  0.447115  0.494024  0.494024  0.483587   \n",
       "\n",
       "           7         8         9        10        11        12        13  \\\n",
       "0   0.493216  0.493216  0.493651  0.493216  0.207053  0.366868  0.494024   \n",
       "1   0.482759  0.482759  0.483254  0.482759  0.210956  0.359407  0.483587   \n",
       "2   0.446228  0.446228  0.446927  0.446228  0.223181  0.349554  0.447115   \n",
       "3   0.446228  0.446228  0.446927  0.446228  0.223181  0.349554  0.447115   \n",
       "4   0.493216  0.493216  0.493651  0.493216  0.207053  0.366868  0.494024   \n",
       "5   0.493216  0.493216  0.493651  0.493216  0.207053  0.366868  0.494024   \n",
       "6   0.482759  0.482759  0.483254  0.482759  0.210956  0.359407  0.483587   \n",
       "7   1.000000  1.000000  0.989268  1.000000  0.201183  0.402556  0.996071   \n",
       "8   1.000000  1.000000  0.989268  1.000000  0.201183  0.402556  0.996071   \n",
       "9   0.989268  0.989268  1.000000  0.989268  0.199024  0.402416  0.993171   \n",
       "10  1.000000  1.000000  0.989268  1.000000  0.201183  0.402556  0.996071   \n",
       "11  0.201183  0.201183  0.199024  0.201183  1.000000  0.155129  0.200393   \n",
       "12  0.402556  0.402556  0.402416  0.402556  0.155129  1.000000  0.401530   \n",
       "13  0.996071  0.996071  0.993171  0.996071  0.200393  0.401530  1.000000   \n",
       "14  1.000000  1.000000  0.989268  1.000000  0.201183  0.402556  0.996071   \n",
       "15  0.300197  0.300197  0.299512  0.300197  0.664495  0.194222  0.301572   \n",
       "16  0.988293  0.988293  0.999024  0.988293  0.199219  0.402672  0.992195   \n",
       "17  0.996071  0.996071  0.993171  0.996071  0.200393  0.401530  1.000000   \n",
       "18  0.300197  0.300197  0.299512  0.300197  0.664495  0.194222  0.301572   \n",
       "19  0.996071  0.996071  0.993171  0.996071  0.200393  0.401530  1.000000   \n",
       "\n",
       "          14        15        16        17        18        19  \n",
       "0   0.493216  0.287611  0.494043  0.494024  0.287611  0.494024  \n",
       "1   0.482759  0.268889  0.483639  0.483587  0.268889  0.483587  \n",
       "2   0.446228  0.280702  0.447284  0.447115  0.280702  0.447115  \n",
       "3   0.446228  0.280702  0.447284  0.447115  0.280702  0.447115  \n",
       "4   0.493216  0.287611  0.494043  0.494024  0.287611  0.494024  \n",
       "5   0.493216  0.287611  0.494043  0.494024  0.287611  0.494024  \n",
       "6   0.482759  0.268889  0.483639  0.483587  0.268889  0.483587  \n",
       "7   1.000000  0.300197  0.988293  0.996071  0.300197  0.996071  \n",
       "8   1.000000  0.300197  0.988293  0.996071  0.300197  0.996071  \n",
       "9   0.989268  0.299512  0.999024  0.993171  0.299512  0.993171  \n",
       "10  1.000000  0.300197  0.988293  0.996071  0.300197  0.996071  \n",
       "11  0.201183  0.664495  0.199219  0.200393  0.664495  0.200393  \n",
       "12  0.402556  0.194222  0.402672  0.401530  0.194222  0.401530  \n",
       "13  0.996071  0.301572  0.992195  1.000000  0.301572  1.000000  \n",
       "14  1.000000  0.300197  0.988293  0.996071  0.300197  0.996071  \n",
       "15  0.300197  1.000000  0.299805  0.301572  1.000000  0.301572  \n",
       "16  0.988293  0.299805  1.000000  0.992195  0.299805  0.992195  \n",
       "17  0.996071  0.301572  0.992195  1.000000  0.301572  1.000000  \n",
       "18  0.300197  1.000000  0.299805  0.301572  1.000000  0.301572  \n",
       "19  0.996071  0.301572  0.992195  1.000000  0.301572  1.000000  "
      ]
     },
     "execution_count": 164,
     "metadata": {},
     "output_type": "execute_result"
    }
   ],
   "source": [
    "df_rows = similarity_matrices_cor[9]\n",
    "df_rows"
   ]
  },
  {
   "cell_type": "code",
   "execution_count": 142,
   "metadata": {},
   "outputs": [
    {
     "data": {
